00
01
85
02
03
04
05
80
06
07
08
09
80
0a
0b
83
0c
0d
83
89
0E
0F
80
10
11
12
13
81
14
15
16
17
81
18
19
84
1A
1B
84
88
1C
1D
1E
1F
20
83
89
21
22
23
24
31
32
81
33
34
35
36
81
37
38
39
3A
14
15
16
17
81
18
19
84
1A
1B
84
87
1C
1D
1E
1F
20
83
89
21
22
25
26
83
89
27
28
82
29
2A
84
87
2B
2C
83
89
2D
2E
82
2F
30
84
87
31
32
81
33
34
35
36
81
37
38
39
3A
14
15
16
17
81
18
19
84
1A
1B
84
86
1C
1D
1E
1F
20
83
89
21
22
25
26
83
89
27
28
82
29
30
84
86
2B
2C
83
89
2D
2E
82
2F
30
84
86
31
32
81
33
34
35
36
81
37
38
3B
3C
80
3D
3E
3F
40
80
41
42
43
44
06
07
08
09
80
0A
0B
83
0C
0D
83
88
0E
0F
80
10
11
12
13
81
14
15
16
17
81
18
19
84
1A
1B
84
87
1C
1D
1E
1F
20
83
88
21
22
25
26
83
88
27
28
82
29
2A
84
87
2B
2C
83
88
2D
2E
82
2F
30
84
87
31
32
81
33
34
35
36
81
37
38
39
40
14
15
16
17
81
18
19
84
1A
1B
84
86
1C
1D
1E
1F
20
83
88
21
22
25
26
83
88
27
28
82
29
2A
84
86
2B
2C
83
88
2D
2E
82
2F
30
84
86
31
32
81
33
34
35
36
81
37
38
3B
3C
80
3D
3E
3F
40
80
41
42
43
44
06
07
08
09
80
0a
0b
83
0c
0d
83
87
0E
0F
80
10
11
12
13
81
14
15
16
17
81
18
19
84
1A
1B
84
86
1C
1D
1E
1F
20
83
87
21
22
25
26
83
87
27
28
82
29
2A
84
86
2B
2C
83
87
2D
2E
82
2F
30
84
86
31
32
81
33
34
35
36
81
37
38
3B
3C
80
3D
3E
3F
40
80
41
42
45
